Name:helicopter_01
Translation: 2646.17,-9.47604,-2853.94
Dof: -0.00872659 0.0 0.999962
Up: 0.0 1.0 0.0
Right: -0.999962 0.0 -0.00872659
Name:truck_03
Translation: 2646.03,-9.47604,-2799.37
Dof: 0.0 0.0 1.0
Up: 0.0 1.0 0.0
Right: -1.0 0.0 0.0
Name:helicopter_01
Translation: -2713.06,-9.47604,4549.8
Dof: -1.0 0.0 0.0
Up: 0.0 1.0 0.0
Right: 0.0 0.0 -1.0
Name:truck_01
Translation: -2773.92,-9.47604,4549.38
Dof: -1.0 0.0 0.0
Up: 0.0 1.0 0.0
Right: 0.0 0.0 -1.0
Name:toolbox_54
Translation: 1237.78,-318.134,3582.65
Dof: 0.739458 -0.156855 -0.654675
Up: 0.0723227 0.985359 0.154395
Right: 0.669307 0.0668208 0.739975
Name:toolbox_53
Translation: 1225.68,-315.597,3593.17
Dof: 0.739458 -0.156855 -0.654675
Up: 0.0723227 0.985359 0.154395
Right: 0.669307 0.0668208 0.739975
Name:toolbox_26
Translation: -2218.41,-475.24,-2127.67
Dof: 1.0 0.0 0.0
Up: 0.0 1.0 0.0
Right: 0.0 0.0 1.0
Name:TeamBPos
Translation: -2761.61,-4.78473,5610.61
Dof: 1.0 0.0 0.0
Up: 0.0 1.0 0.0
Right: 0.0 0.0 1.0
Name:TeamBPos
Translation: -2992.22,-4.78473,4701.63
Dof: 1.0 0.0 0.0
Up: 0.0 1.0 0.0
Right: 0.0 0.0 1.0
Name:TeamBPos
Translation: -3045.86,-4.78473,5608.38
Dof: 1.0 0.0 0.0
Up: 0.0 1.0 0.0
Right: 0.0 0.0 1.0
Name:TeamBPos
Translation: -2245.19,-4.04374,4058.17
Dof: 1.0 0.0 0.0
Up: 0.0 1.0 0.0
Right: 0.0 0.0 1.0
Name:TeamAPos
Translation: 2395.89,-4.78473,-3642.78
Dof: 1.0 0.0 0.0
Up: 0.0 1.0 0.0
Right: 0.0 0.0 1.0
Name:TeamAPos
Translation: 1689.21,-4.78473,-4465.69
Dof: 1.0 0.0 0.0
Up: 0.0 1.0 0.0
Right: 0.0 0.0 1.0
Name:TeamAPos
Translation: 1454.88,-4.78473,-4470.05
Dof: 1.0 0.0 0.0
Up: 0.0 1.0 0.0
Right: 0.0 0.0 1.0
Name:tbranch_17
Translation: 2103.4,0.0,-1434.57
Dof: 0.649448 0.0 -0.760406
Up: -0.76029 -0.0174525 0.649349
Right: -0.0132712 0.999848 -0.0113345
Name:tbranch_16
Translation: -656.725,0.0,-2688.84
Dof: 0.866025 0.0 0.5
Up: 0.499924 -0.0174524 0.865894
Right: 0.00872618 0.999848 -0.0151142
Name:tbranch_15
Translation: -6814.1,0.0,-4565.31
Dof: 0.999848 0.0 0.0174524
Up: 0.0174498 -0.0174522 0.999696
Right: 0.000304584 0.999847 -0.0174496
Name:tbranch_14
Translation: -5601.01,0.0,-5546.43
Dof: 0.999848 0.0 0.0174524
Up: 0.0174498 -0.0174522 0.999696
Right: 0.000304584 0.999847 -0.0174496
Name:tbranch_13
Translation: -4991.53,0.0,38.1846
Dof: 0.948324 0.0 0.317305
Up: 0.317256 -0.0174523 0.948179
Right: 0.00553767 0.999848 -0.0165504
Name:tbranch_12
Translation: -3632.19,0.0,-3035.34
Dof: 0.999848 0.0 0.0174524
Up: 0.0174498 -0.0174522 0.999696
Right: 0.000304584 0.999847 -0.0174496
Name:tbranch_11
Translation: -381.436,0.0,-3378.4
Dof: 0.594823 0.0 -0.803857
Up: -0.803734 -0.0174524 0.594732
Right: -0.0140293 0.999848 -0.0103811
Dele:tbranch_10
Translation: 1657.96,0.0,994.699
Dof: 0.999848 0.0 0.0174524
Up: 0.0174498 -0.0174522 0.999696
Right: 0.000304584 0.999847 -0.0174496
Dele:tbranch_09
Translation: 1978.59,0.0,2023.56
Dof: 0.999848 0.0 0.0174524
Up: 0.0174498 -0.0174522 0.999696
Right: 0.000304584 0.999847 -0.0174496
Name:tbranch_08
Translation: 990.155,0.0,3391.37
Dof: 0.999848 0.0 0.0174524
Up: 0.0174498 -0.0174522 0.999696
Right: 0.000304584 0.999847 -0.0174496
Name:tbranch_07
Translation: -4913.89,0.0,3670.63
Dof: 0.636078 0.0 -0.771625
Up: -0.771507 -0.0174523 0.635981
Right: -0.0134666 0.999848 -0.011101
Name:tbranch_06
Translation: -837.158,0.0,3357.57
Dof: 0.333807 -2.41924e-007 -0.942641
Up: -0.942498 -0.0174519 0.333756
Right: -0.0164513 0.999846 -0.00582546
Name:tbranch_05
Translation: -5019.29,0.0,-1864.8
Dof: 0.748956 0.0 0.66262
Up: 0.662519 -0.0174523 0.748842
Right: 0.0115642 0.999848 -0.0130712
Name:tbranch_04
Translation: -3310.25,0.0,-2442.17
Dof: 0.999848 0.0 0.0174524
Up: 0.0174498 -0.0174522 0.999696
Right: 0.000304584 0.999847 -0.0174496
Name:tbranch_03
Translation: -2115.8,0.0,-1881.44
Dof: 0.939693 0.0 0.34202
Up: 0.341968 -0.0174524 0.93955
Right: 0.00596908 0.999848 -0.0163999
Name:tbranch_02
Translation: 1416.69,0.0,-1142.77
Dof: 0.649448 0.0 -0.760406
Up: -0.76029 -0.0174525 0.649349
Right: -0.0132712 0.999848 -0.0113345
Dele:tbranch_01
Translation: 6.36823,0.0,-1815.61
Dof: 0.866025 0.0 0.5
Up: 0.499924 -0.0174524 0.865894
Right: 0.00872618 0.999848 -0.0151142
Name:tank_06
Translation: -1047.2,-22.6627,6951.63
Dof: 0.948324 0.0 -0.317305
Up: 0.0 1.0 0.0
Right: 0.317305 0.0 0.948324
Name:tank_05
Translation: -2259.31,-485.507,-2169.48
Dof: -0.999962 0.0 0.00872647
Up: 0.0 1.0 0.0
Right: -0.00872647 0.0 -0.999962
Name:tank2_04
Translation: 2224.08,-8.88406,-2465.32
Dof: -0.999962 0.0 0.00872647
Up: 0.0 1.0 0.0
Right: -0.00872647 0.0 -0.999962
Name:tank2_03
Translation: 2323.89,-12.007,-2464.73
Dof: -0.999962 0.0 0.00872647
Up: 0.0 1.0 0.0
Right: -0.00872647 0.0 -0.999962
Name:tank_02
Translation: -3161.11,-11.3124,3880.99
Dof: 0.0 0.0 -1.0
Up: 0.0 1.0 0.0
Right: 1.0 0.0 0.0
Name:tank_01
Translation: -3162.09,-9.47604,3790.53
Dof: -1.68587e-007 0.0 -1.0
Up: 0.0 1.0 0.0
Right: 1.0 0.0 -1.68587e-007
Name:Switch1_04
Translation: 2225.48,-23.3309,-4488.81
Dof: 0.793353 0.0 0.608761
Up: 0.0 1.0 0.0
Right: -0.608761 0.0 0.793353
Name:snipegun_41
Translation: 1744.93,-1.0065,-4514.64
Dof: 0.0 0.0 -1.0
Up: 0.0 1.0 0.0
Right: 1.0 0.0 0.0
Dele:shed_02
Translation: -2515.19,13.5227,-923.365
Dof: -0.453991 -3.09305e-007 0.891007
Up: -1.40421e-007 1.0 -2.75593e-007
Right: -0.891007 0.0 -0.453991
Name:shed_01
Translation: -631.371,21.902,911.039
Dof: 0.0 -0.199368 0.979924
Up: 0.0 0.979924 -0.199368
Right: -1.0 0.0 0.0
Name:sgatepl_08
Translation: 2250.55,-0.012619,-4484.01
Dof: 0.608761 0.0 -0.793353
Up: 0.0 1.0 0.0
Right: 0.793353 0.0 0.608761
Name:sgatepl_07
Translation: 2338.76,-0.012619,-4416.88
Dof: -0.608761 0.0 0.793353
Up: 0.0 1.0 0.0
Right: -0.793353 0.0 -0.608761
Name:sgate_08
Translation: 2254.72,-0.012619,-4481.14
Dof: -0.515038 0.0 0.857167
Up: 0.0 1.0 0.0
Right: -0.857167 0.0 -0.515038
Name:sgate_07
Translation: 2334.59,-0.012619,-4419.75
Dof: -0.71325 0.0 0.700909
Up: 0.0 1.0 0.0
Right: -0.700909 0.0 -0.71325
Name:sb_50
Translation: -2787.27,-1.82883,3708.8
Dof: 1.0 0.0 0.0
Up: 0.0 1.0 0.0
Right: 0.0 0.0 1.0
Name:sb_49
Translation: -2709.14,-1.82864,3739.04
Dof: -0.0261771 0.0 0.999657
Up: 0.0 1.0 0.0
Right: -0.999657 0.0 -0.0261771
Name:sb_48
Translation: -2710.67,-1.82852,3789.05
Dof: -0.0348996 0.0 0.999391
Up: 0.0 1.0 0.0
Right: -0.999391 0.0 -0.0348996
Name:sb_47
Translation: -2737.17,-1.82875,3709.45
Dof: 0.999657 0.0 0.0261768
Up: 0.0 1.0 0.0
Right: -0.0261768 0.0 0.999657
Name:sb_46
Translation: 2423.72,0.457077,-3339.18
Dof: 0.999914 0.000232173 -0.0131189
Up: -5.90357e-007 0.999844 -0.0176499
Right: 0.0131209 -0.0176484 0.999758
Name:sb_45
Translation: 2344.11,0.953613,-3367.31
Dof: 0.0131209 -0.0176484 0.999758
Up: -5.91802e-007 0.999844 -0.0176499
Right: -0.999915 -0.000232179 0.0131188
Name:sb_44
Translation: 2343.46,1.836,-3417.3
Dof: 0.0131211 -0.0176484 0.999757
Up: -5.92232e-007 0.999844 -0.0176499
Right: -0.999914 -0.000232183 0.013119
Name:sb_43
Translation: 2373.72,0.44545,-3338.53
Dof: 0.999914 0.000232173 -0.0131189
Up: -5.90357e-007 0.999844 -0.0176499
Right: 0.0131209 -0.0176484 0.999758
Name:sb_42
Translation: -3014.35,-395.982,-2131.71
Dof: 0.0077881 -0.0458171 0.998919
Up: 0.130417 0.990464 -0.0444125
Right: -0.991429 0.12993 0.0136892
Name:sb_41
Translation: -3014.73,-393.691,-2181.65
Dof: 0.0077881 -0.0458171 0.998919
Up: 0.130417 0.990464 -0.0444125
Right: -0.991429 0.12993 0.0136892
Name:sb_40
Translation: -2986.04,-396.143,-2211.25
Dof: -0.991429 0.12993 0.0136892
Up: 0.130417 0.990464 -0.0444125
Right: -0.00778811 0.0458171 -0.998919
Name:sb_39
Translation: -2936.46,-402.639,-2211.93
Dof: -0.991429 0.12993 0.0136893
Up: 0.130417 0.990463 -0.0444124
Right: -0.00778828 0.0458171 -0.998919
Name:sb_38
Translation: 1200.07,-304.954,3646.54
Dof: -0.680436 0.00816221 -0.732762
Up: 0.0723401 0.995802 0.0560821
Right: 0.729228 -0.0911684 -0.67817
Name:sb_37
Translation: 1234.1,-305.363,3683.18
Dof: -0.680437 0.00816204 -0.732761
Up: 0.0723402 0.995802 0.0560821
Right: 0.729228 -0.0911684 -0.678171
Name:sb_36
Translation: 1158.91,-302.051,3644.99
Dof: -0.729228 0.0911684 0.67817
Up: 0.07234 0.995801 0.0560822
Right: -0.680436 0.00816223 -0.732762
Name:sb_35
Translation: 1122.45,-297.493,3678.89
Dof: -0.729228 0.0911684 0.67817
Up: 0.07234 0.995801 0.0560822
Right: -0.680436 0.00816223 -0.732762
Name:sb_34
Translation: 2125.73,-418.734,2583.83
Dof: 0.759224 -0.113619 0.640836
Up: 0.151608 0.988431 0.00436865
Right: -0.632925 0.100472 0.767666
Name:sb_33
Translation: 2153.65,-423.368,2504.32
Dof: -0.632925 0.100472 0.767666
Up: 0.151608 0.988431 0.00436867
Right: -0.759224 0.113619 -0.640835
Name:sb_32
Translation: 2163.69,-424.415,2615.87
Dof: 0.759224 -0.113619 0.640836
Up: 0.151608 0.988431 0.00436865
Right: -0.632925 0.100472 0.767666
Name:sb_31
Translation: 2122.01,-418.344,2542.7
Dof: -0.632925 0.100472 0.767666
Up: 0.151608 0.988431 0.00436866
Right: -0.759224 0.113619 -0.640836
Name:sb_30
Translation: -3486.33,3.42645,2468.61
Dof: 0.688354 0.0 -0.725374
Up: 0.0 1.0 0.0
Right: 0.725374 0.0 0.688354
Name:sb_29
Translation: -3410.61,3.42663,2432.76
Dof: 0.707107 0.0 0.707107
Up: 0.0 1.0 0.0
Right: -0.707107 0.0 0.707107
Name:sb_28
Translation: -3375.39,3.42675,2468.29
Dof: 0.700909 0.0 0.713251
Up: 0.0 1.0 0.0
Right: -0.713251 0.0 0.700909
Name:sb_27
Translation: -3451.37,3.42653,2432.72
Dof: 0.707107 0.0 -0.707107
Up: 0.0 1.0 0.0
Right: 0.707107 0.0 0.707107
Dele:sb_26
Translation: -4774.46,0.443619,4648.76
Dof: 0.00168072 0.00412444 0.99999
Up: -0.000785478 0.999991 0.00412313
Right: -0.999998 -0.00077854 0.00168394
Dele:sb_25
Translation: -4774.38,0.649963,4698.76
Dof: 0.00168072 0.00412444 0.99999
Up: -0.000785478 0.999991 0.00412313
Right: -0.999998 -0.00077854 0.00168394
Dele:sb_24
Translation: -4745.33,0.345856,4619.48
Dof: -0.999998 -0.000778535 0.00168387
Up: -0.000785472 0.999991 0.00412312
Right: -0.00168064 -0.00412444 -0.99999
Dele:sb_23
Translation: -4695.33,0.384857,4619.4
Dof: -0.999998 -0.000778537 0.00168403
Up: -0.000785475 0.999991 0.00412312
Right: -0.00168081 -0.00412444 -0.99999
Name:sb_22
Translation: -1741.0,-51.4611,2813.25
Dof: -0.995118 0.098149 -0.0103829
Up: 0.0986957 0.990044 0.100355
Right: 0.000429794 -0.10089 -0.994898
Name:sb_21
Translation: -1662.17,-56.2937,2843.11
Dof: 0.000429862 -0.100889 -0.994897
Up: 0.0986957 0.990044 0.100355
Right: 0.995118 -0.098149 0.0103829
Name:sb_20
Translation: -1662.19,-51.2494,2892.85
Dof: 0.000429773 -0.100889 -0.994897
Up: 0.0986957 0.990045 0.100355
Right: 0.995119 -0.0981491 0.0103828
Name:sb_19
Translation: -1691.24,-56.3686,2813.77
Dof: -0.995118 0.098149 -0.0103829
Up: 0.0986957 0.990044 0.100355
Right: 0.000429794 -0.10089 -0.994898
Name:sb_18
Translation: -42.0167,-99.8232,-2280.14
Dof: 0.983586 0.179935 0.0134444
Up: -0.177838 0.954126 -0.240868
Right: 0.0305129 -0.239305 0.970465
Name:sb_17
Translation: -120.835,-107.097,-2309.52
Dof: 0.0305128 -0.239305 0.970465
Up: -0.177838 0.954126 -0.240868
Right: -0.983586 -0.179935 -0.0134444
Name:sb_16
Translation: -122.36,-95.1317,-2358.05
Dof: 0.030513 -0.239305 0.970466
Up: -0.177838 0.954126 -0.240867
Right: -0.983586 -0.179935 -0.0134443
Name:sb_15
Translation: -91.196,-108.82,-2280.81
Dof: 0.983586 0.179935 0.0134444
Up: -0.177838 0.954126 -0.240868
Right: 0.0305129 -0.239305 0.970465
Name:sb_14
Translation: 1145.61,-98.3195,-1614.19
Dof: 0.980744 0.195276 0.0026568
Up: -0.193552 0.970095 -0.146466
Right: 0.0260239 -0.14416 0.989212
Name:sb_13
Translation: 1067.14,-109.585,-1643.26
Dof: 0.0260238 -0.14416 0.989212
Up: -0.193552 0.970095 -0.146466
Right: -0.980745 -0.195276 -0.00265686
Name:sb_12
Translation: 1065.84,-102.377,-1692.72
Dof: 0.0260241 -0.14416 0.989212
Up: -0.193552 0.970095 -0.146466
Right: -0.980744 -0.195276 -0.00265666
Name:sb_11
Translation: 1096.57,-108.083,-1614.32
Dof: 0.980744 0.195276 0.0026568
Up: -0.193552 0.970095 -0.146466
Right: 0.0260239 -0.14416 0.989212
Name:rockets_47
Translation: -2528.15,12.9975,-898.77
Dof: 0.898794 0.0 0.438371
Up: 0.0 1.0 0.0
Right: -0.438371 0.0 0.898794
Name:rockets_41
Translation: -2707.45,-2.01625,5643.41
Dof: 0.0 0.0 -1.0
Up: 0.0 1.0 0.0
Right: 1.0 0.0 0.0
Name:rockets_39
Translation: 2559.33,-0.126723,-2962.85
Dof: 1.0 0.0 0.0
Up: 0.0 1.0 0.0
Right: 0.0 0.0 1.0
Name:rockets_25
Translation: -2218.41,-476.383,-2192.21
Dof: 1.0 0.0 0.0
Up: 0.0 1.0 0.0
Right: 0.0 0.0 1.0
Name:Ramp_07
Translation: 2113.67,-4.35352,-4514.63
Dof: 0.793352 0.0 0.608763
Up: 0.0 1.0 0.0
Right: -0.608763 0.0 0.793352
Name:plane_05
Translation: -2696.83,-473.234,-1825.18
Dof: -1.0 0.0 -2.21012e-007
Up: 0.0 1.0 0.0
Right: 2.21012e-007 0.0 -1.0
Name:plane3_04
Translation: -3004.99,-19.0276,5553.78
Dof: -1.0 0.0 0.0
Up: 0.0 1.0 0.0
Right: 0.0 0.0 -1.0
Name:plane3_03
Translation: -2720.78,-19.0318,5553.79
Dof: -1.0 0.0 0.0
Up: 0.0 1.0 0.0
Right: 0.0 0.0 -1.0
Name:plane4_03
Translation: 2153.39,-17.4862,-4000.81
Dof: -1.68348e-007 0.0 1.0
Up: -0.0610485 0.998135 0.0
Right: -0.998135 -0.0610485 -1.68639e-007
Name:plane_02
Translation: 1426.41,-12.007,-4401.63
Dof: 1.0 0.0 1.33589e-007
Up: 0.0 1.0 0.0
Right: -1.33589e-007 0.0 1.0
Name:plane_01
Translation: 1725.04,-12.007,-4401.63
Dof: 1.0 0.0 1.33589e-007
Up: 0.0 1.0 0.0
Right: -1.33589e-007 0.0 1.0
Name:pbridge_10
Translation: 3341.06,658.733,3405.49
Dof: 0.544639 0.0 -0.838671
Up: 0.0 -1.0 0.0
Right: -0.838671 0.0 -0.544639
Name:pbridge_09
Translation: 2469.54,658.777,4747.52
Dof: 0.544639 0.0 -0.838671
Up: 0.0 -1.0 0.0
Right: -0.838671 0.0 -0.544639
Name:pbridge_08
Translation: 2905.3,658.733,4076.51
Dof: 0.544639 0.0 -0.838671
Up: 0.0 -1.0 0.0
Right: -0.838671 0.0 -0.544639
Name:pbridge_07
Translation: -4011.87,-116.626,-2280.19
Dof: 0.999391 0.0 -0.0348995
Up: 0.0 1.0 0.0
Right: 0.0348995 0.0 0.999391
Name:pbridge_06
Translation: -4811.48,-116.626,-2252.27
Dof: 0.999391 0.0 -0.0348995
Up: 0.0 1.0 0.0
Right: 0.0348995 0.0 0.999391
Name:pbridge_05
Translation: 3341.23,205.343,3405.6
Dof: 0.544639 0.0 -0.838671
Up: 0.0 1.0 0.0
Right: 0.838671 0.0 0.544639
Name:pbridge_04
Translation: 2905.47,205.343,4076.61
Dof: 0.544639 0.0 -0.838671
Up: 0.0 1.0 0.0
Right: 0.838671 0.0 0.544639
Name:pbridge_03
Translation: 2469.71,205.343,4747.63
Dof: 0.544639 0.0 -0.838671
Up: 0.0 1.0 0.0
Right: 0.838671 0.0 0.544639
Name:pbridge_01
Translation: 1616.28,-157.268,3155.35
Dof: 0.73775 -0.0106052 -0.67499
Up: -0.0127651 0.999479 0.0296554
Right: 0.674953 0.0304946 0.73723
Name:palm_22
Translation: -1231.74,4.11605,2710.33
Dof: 0.544639 0.0 -0.838671
Up: 0.0 1.0 0.0
Right: 0.838671 0.0 0.544639
Name:palm_21
Translation: -1476.89,0.0,2946.0
Dof: 0.544639 0.0 -0.838671
Up: 0.0 1.0 0.0
Right: 0.838671 0.0 0.544639
Name:palm_20
Translation: -612.935,0.0,3242.46
Dof: 0.544639 0.0 -0.838671
Up: 0.0 1.0 0.0
Right: 0.838671 0.0 0.544639
Name:palm_19
Translation: -1179.32,0.0,3390.21
Dof: 0.544639 0.0 -0.838671
Up: 0.0 1.0 0.0
Right: 0.838671 0.0 0.544639
Name:palm_18
Translation: -2344.65,56.7846,-55.6318
Dof: 0.0523359 0.0 -0.998629
Up: 0.0 1.0 0.0
Right: 0.998629 0.0 0.0523359
Name:palm_17
Translation: -2545.59,40.8193,-625.07
Dof: 0.861629 0.0 -0.507538
Up: 0.0 1.0 0.0
Right: 0.507538 0.0 0.861629
Name:palm_16
Translation: -2178.0,24.4135,-904.452
Dof: 0.0348994 0.0 -0.999391
Up: 0.0 1.0 0.0
Right: 0.999391 0.0 0.0348994
Name:palm_15
Translation: -2388.05,30.2371,-793.875
Dof: 0.902585 0.0 -0.430511
Up: 0.0 1.0 0.0
Right: 0.430511 0.0 0.902585
Name:palm_14
Translation: -457.618,56.4886,-572.182
Dof: 0.87462 0.0 -0.48481
Up: 0.0 1.0 0.0
Right: 0.48481 0.0 0.87462
Name:palm_13
Translation: -311.936,59.2435,-772.047
Dof: 0.995396 0.0 -0.0958459
Up: 0.0 1.0 0.0
Right: 0.0958459 0.0 0.995396
Name:palm_12
Translation: -2073.32,0.0,1881.01
Dof: 0.104528 0.0 -0.994522
Up: 0.0 1.0 0.0
Right: 0.994522 0.0 0.104528
Name:palm_11
Translation: -1033.3,0.0,3122.25
Dof: 0.544639 0.0 -0.838671
Up: 0.0 1.0 0.0
Right: 0.838671 0.0 0.544639
Name:palm_10
Translation: -68.3198,54.8402,-746.947
Dof: -0.190809 0.0 -0.981627
Up: 0.0 1.0 0.0
Right: 0.981627 0.0 -0.190809
Name:palm_09
Translation: -2379.48,54.1639,411.164
Dof: 0.968148 0.0 0.25038
Up: 0.0 1.0 0.0
Right: -0.25038 0.0 0.968148
Name:palm_08
Translation: -1827.15,5.2387,2115.54
Dof: 0.0958456 0.0 -0.995396
Up: 0.0 1.0 0.0
Right: 0.995396 0.0 0.0958456
Name:palm_07
Translation: -1184.61,57.7517,-429.656
Dof: 0.0610485 0.0 -0.998135
Up: 0.0 1.0 0.0
Right: 0.998135 0.0 0.0610485
Name:palm_06
Translation: -2243.58,4.75607,1338.61
Dof: 0.848048 0.0 -0.529919
Up: 0.0 1.0 0.0
Right: 0.529919 0.0 0.848048
Name:palm_05
Translation: -2236.13,52.4277,-324.802
Dof: -0.0261771 0.0 -0.999657
Up: 0.0 1.0 0.0
Right: 0.999657 0.0 -0.0261771
Name:palm_04
Translation: -512.326,38.4502,1090.81
Dof: 0.544639 0.0 -0.838671
Up: 0.0 1.0 0.0
Right: 0.838671 0.0 0.544639
Name:palm_03
Translation: -416.101,27.4368,910.841
Dof: 0.544639 0.0 -0.838671
Up: 0.0 1.0 0.0
Right: 0.838671 0.0 0.544639
Name:palm_02
Translation: -789.257,40.3154,1144.8
Dof: 0.544639 0.0 -0.838671
Up: 0.0 1.0 0.0
Right: 0.838671 0.0 0.544639
Name:palm_01
Translation: -769.493,37.413,862.952
Dof: 0.902585 0.0 -0.430511
Up: 0.0 1.0 0.0
Right: 0.430511 0.0 0.902585
Name:nHangar_07
Translation: -2694.13,-451.073,-1798.41
Dof: 0.998629 -0.052336 -1.74846e-007
Up: 0.052336 0.998629 0.0
Right: 1.74606e-007 0.0 1.0
Name:nHangar_06
Translation: 1724.07,1.67401,-4451.44
Dof: -1.0 0.0 0.0
Up: 0.0 1.0 0.0
Right: 0.0 0.0 -1.0
Name:nHangar_04
Translation: -2721.94,2.77121,5588.89
Dof: 1.0 0.0 -1.74846e-007
Up: 0.0 1.0 0.0
Right: 1.74846e-007 0.0 1.0
Name:nHangar_03
Translation: -3003.56,2.77121,5586.26
Dof: 1.0 0.0 -1.74846e-007
Up: 0.0 1.0 0.0
Right: 1.74846e-007 0.0 1.0
Name:nHangar_02
Translation: 1424.52,1.67401,-4456.83
Dof: -1.0 0.0 0.0
Up: 0.0 1.0 0.0
Right: 0.0 0.0 -1.0
Name:nBarack_04
Translation: 2146.06,0.235444,-3642.05
Dof: 0.0 0.0 -1.0
Up: 0.0 1.0 0.0
Right: 1.0 0.0 0.0
Name:nBarack_03
Translation: 2650.16,3.60771,-3125.15
Dof: -1.0 0.0 0.0
Up: 0.0 1.0 0.0
Right: 0.0 0.0 -1.0
Name:nBarack_02
Translation: -2741.22,1.841,4700.37
Dof: 0.0 0.0 1.0
Up: 0.0 1.0 0.0
Right: -1.0 0.0 0.0
Name:nBarack_01
Translation: -3156.27,1.841,4256.15
Dof: 1.0 0.0 0.0
Up: 0.0 1.0 0.0
Right: 0.0 0.0 1.0
Name:kpist_44
Translation: -2952.3,-2.01625,5643.36
Dof: 0.0 0.0 -1.0
Up: 0.0 1.0 0.0
Right: 1.0 0.0 0.0
Name:kpist_22
Translation: -4689.81,-86.1531,-6554.76
Dof: 1.0 0.0 0.0
Up: 0.0 1.0 0.0
Right: 0.0 0.0 1.0
Name:kpist_15
Translation: 1409.35,-1.0065,-4515.09
Dof: 0.0 0.0 -1.0
Up: 0.0 1.0 0.0
Right: 1.0 0.0 0.0
Name:hpacksml_37
Translation: -2550.45,0.569645,4614.96
Dof: 1.0 0.0 0.0
Up: 0.0 1.0 0.0
Right: 0.0 0.0 1.0
Name:hpacksml_36
Translation: -2565.02,0.569645,4614.96
Dof: 1.0 0.0 0.0
Up: 0.0 1.0 0.0
Right: 0.0 0.0 1.0
Name:hpacksml_35
Translation: -2903.31,1.87382,4614.89
Dof: 1.0 0.0 0.0
Up: 0.0 1.0 0.0
Right: 0.0 0.0 1.0
Name:hpacksml_34
Translation: -2917.87,1.87382,4614.89
Dof: 1.0 0.0 0.0
Up: 0.0 1.0 0.0
Right: 0.0 0.0 1.0
Name:hpacksml_33
Translation: -3113.49,0.207066,4044.16
Dof: 1.0 0.0 0.0
Up: 0.0 1.0 0.0
Right: 0.0 0.0 1.0
Name:hpacksml_32
Translation: -3098.92,0.207066,4044.16
Dof: 1.0 0.0 0.0
Up: 0.0 1.0 0.0
Right: 0.0 0.0 1.0
Name:hpacklg_52
Translation: 2360.44,0.0716763,-3578.98
Dof: 1.0 0.0 0.0
Up: 0.0 1.0 0.0
Right: 0.0 0.0 1.0
Name:hpacklg_51
Translation: 2559.33,-0.126723,-2941.33
Dof: 1.0 0.0 0.0
Up: 0.0 1.0 0.0
Right: 0.0 0.0 1.0
Name:hpacklg_48
Translation: 1300.4,-319.526,3659.81
Dof: 0.739458 -0.156855 -0.654675
Up: 0.0723227 0.985359 0.154395
Right: 0.669307 0.0668208 0.739975
Name:hpacklg_23
Translation: -2218.41,-475.506,-2149.18
Dof: 1.0 0.0 0.0
Up: 0.0 1.0 0.0
Right: 0.0 0.0 1.0
Name:hpacklg_21
Translation: -4689.81,-86.1531,-6533.25
Dof: 1.0 0.0 0.0
Up: 0.0 1.0 0.0
Right: 0.0 0.0 1.0
Name:grenade_42
Translation: 2360.44,0.0716763,-3600.49
Dof: 1.0 0.0 0.0
Up: 0.0 1.0 0.0
Right: 0.0 0.0 1.0
Name:grenade_36
Translation: -2579.61,0.569645,4614.96
Dof: 1.0 0.0 0.0
Up: 0.0 1.0 0.0
Right: 0.0 0.0 1.0
Name:grenade_35
Translation: -2932.46,1.87382,4614.89
Dof: 1.0 0.0 0.0
Up: 0.0 1.0 0.0
Right: 0.0 0.0 1.0
Name:grenade_34
Translation: -3128.08,0.207066,4044.16
Dof: 1.0 0.0 0.0
Up: 0.0 1.0 0.0
Right: 0.0 0.0 1.0
Name:rockets_28
Translation: -2665.1,-458.976,-1756.88
Dof: 1.68188e-007 0.0 1.0
Up: 6.14197e-007 0.999999 0.0
Right: -1.0 5.52477e-007 1.68975e-007
Name:fueltank_51
Translation: 1325.72,-324.726,3638.48
Dof: 0.739458 -0.156855 -0.654675
Up: 0.0723227 0.985359 0.154395
Right: 0.669307 0.0668208 0.739975
Name:fueltank_49
Translation: 1476.39,-1.0065,-4514.41
Dof: 0.0 0.0 -1.0
Up: 0.0 1.0 0.0
Right: 1.0 0.0 0.0
Name:fueltank_47
Translation: 1313.74,-322.181,3649.11
Dof: 0.739458 -0.156855 -0.654675
Up: 0.0723227 0.985359 0.154395
Right: 0.669307 0.0668208 0.739975
Name:rockets_44
Translation: -2983.51,-2.01625,5643.42
Dof: 0.0 0.0 -1.0
Up: 0.0 1.0 0.0
Right: 1.0 0.0 0.0
Name:fueltank_43
Translation: -2999.58,-2.01625,5643.41
Dof: 0.0 0.0 -1.0
Up: 0.0 1.0 0.0
Right: 1.0 0.0 0.0
Name:fueltank_42
Translation: -2751.06,-2.01625,5643.41
Dof: 0.0 0.0 -1.0
Up: 0.0 1.0 0.0
Right: 1.0 0.0 0.0
Name:rockets_27
Translation: -2664.76,-458.976,-1742.04
Dof: 1.68188e-007 0.0 1.0
Up: 6.14197e-007 0.999999 0.0
Right: -1.0 5.52477e-007 1.68975e-007
Name:fueltank_20
Translation: -4689.81,-86.1531,-6511.74
Dof: 1.0 0.0 0.0
Up: 0.0 1.0 0.0
Right: 0.0 0.0 1.0
Name:fueltank_19
Translation: -4689.81,-86.1531,-6490.23
Dof: 1.0 0.0 0.0
Up: 0.0 1.0 0.0
Right: 0.0 0.0 1.0
Name:fueltank_13
Translation: 1765.94,-1.0065,-4513.97
Dof: 0.0 0.0 -1.0
Up: 0.0 1.0 0.0
Right: 1.0 0.0 0.0
Name:flagbase_2
Translation: -2905.31,-4.78473,4398.61
Dof: 1.0 0.0 0.0
Up: 0.0 1.0 0.0
Right: 0.0 0.0 1.0
Name:flagbase_1
Translation: 2246.47,-4.78473,-3247.02
Dof: 1.0 0.0 0.0
Up: 0.0 1.0 0.0
Right: 0.0 0.0 1.0
Name:cwallb1_04
Translation: 2377.52,-0.64,-4393.69
Dof: 0.793353 0.0 0.608761
Up: 0.0 1.0 0.0
Right: -0.608761 0.0 0.793353
Name:cwalla1_04
Translation: 2218.12,-0.64,-4515.58
Dof: 0.793353 0.0 0.608761
Up: 0.0 1.0 0.0
Right: -0.608761 0.0 0.793353
Name:cwall1_66
Translation: 2504.46,-0.64,-4296.29
Dof: 0.793353 0.0 0.608761
Up: 0.0 1.0 0.0
Right: -0.608761 0.0 0.793353
Name:cwall1_65
Translation: 2440.99,-0.64,-4344.99
Dof: 0.793353 0.0 0.608761
Up: 0.0 1.0 0.0
Right: -0.608761 0.0 0.793353
Name:cwall1_63
Translation: 2027.72,-0.640076,-4661.68
Dof: 0.793353 0.0 0.608761
Up: 0.0 1.0 0.0
Right: -0.608761 0.0 0.793353
Name:cwall1_62
Translation: 2154.65,-0.640076,-4564.28
Dof: 0.793353 0.0 0.608761
Up: 0.0 1.0 0.0
Right: -0.608761 0.0 0.793353
Name:cwall1_61
Translation: 2091.18,-0.64,-4612.98
Dof: 0.793353 0.0 0.608761
Up: 0.0 1.0 0.0
Right: -0.608761 0.0 0.793353
Name:car_07
Translation: -2905.38,-11.3124,3305.58
Dof: 0.999962 0.0 0.00872651
Up: 0.0 1.0 0.0
Right: -0.00872651 0.0 0.999962
Name:car_06
Translation: -4555.3,-121.937,-6545.41
Dof: -0.00872641 -5.51969e-007 -0.999962
Up: -0.997525 -0.0697561 -0.00870551
Right: -0.0697536 0.997563 0.000609153
Name:motorcyc_05
Translation: -4552.9,-119.571,-6503.11
Dof: -0.00872641 -5.51969e-007 -0.999962
Up: -0.997525 -0.0697561 -0.00870551
Right: -0.0697536 0.997563 0.000609153
Name:car_03
Translation: -2810.76,-11.3124,3305.03
Dof: 0.999962 0.0 0.00872651
Up: 0.0 1.0 0.0
Right: -0.00872651 0.0 0.999962
Name:car_02
Translation: 1769.2,-12.007,-3635.67
Dof: -1.0 0.0 0.0
Up: 0.0 1.0 0.0
Right: 0.0 0.0 -1.0
Name:motorcyc_01
Translation: 1861.05,-12.007,-3636.54
Dof: -1.0 0.0 0.0
Up: 0.0 1.0 0.0
Right: 0.0 0.0 -1.0
Name:cactuss_69
Translation: -5162.32,0.263764,4799.59
Dof: -0.078459 0.0 0.996917
Up: 0.0 1.0 0.0
Right: -0.996917 0.0 -0.078459
Name:cactuss_68
Translation: -5570.39,0.0,4518.05
Dof: -0.078459 0.0 0.996917
Up: 0.0 1.0 0.0
Right: -0.996917 0.0 -0.078459
Name:cactuss_67
Translation: -5218.88,0.0,5453.49
Dof: -0.078459 0.0 0.996917
Up: 0.0 1.0 0.0
Right: -0.996917 0.0 -0.078459
Name:cactuss_66
Translation: -5496.56,0.0,-2483.24
Dof: 0.737277 0.0 -0.67559
Up: 0.0 1.0 0.0
Right: 0.67559 0.0 0.737277
Name:cactuss_65
Translation: -5447.04,0.0,-1964.33
Dof: 0.207912 0.0 -0.978148
Up: 0.0 1.0 0.0
Right: 0.978148 0.0 0.207912
Name:cactuss_64
Translation: -5133.81,0.0,-1065.4
Dof: -0.398749 0.0 -0.91706
Up: 0.0 1.0 0.0
Right: 0.91706 0.0 -0.398749
Name:cactuss_62
Translation: 529.393,0.0,-2277.94
Dof: -0.121869 0.0 0.992546
Up: 0.0 1.0 0.0
Right: -0.992546 0.0 -0.121869
Name:cactuss_61
Translation: 1097.92,0.0,-2264.66
Dof: 0.803857 0.0 0.594823
Up: 0.0 1.0 0.0
Right: -0.594823 0.0 0.803857
Name:cactuss_60
Translation: 1554.3,0.0,-961.923
Dof: 1.0 0.0 0.0
Up: 0.0 1.0 0.0
Right: 0.0 0.0 1.0
Name:cactuss_59
Translation: 1940.28,0.0,-1029.27
Dof: 0.422618 0.0 0.906308
Up: 0.0 1.0 0.0
Right: -0.906308 0.0 0.422618
Name:cactuss_58
Translation: 1928.11,0.0,-1907.1
Dof: -0.642788 0.0 0.766044
Up: 0.0 1.0 0.0
Right: -0.766044 0.0 -0.642788
Name:cactuss_57
Translation: 783.101,0.0,-1596.32
Dof: 0.422618 0.0 0.906308
Up: 0.0 1.0 0.0
Right: -0.906308 0.0 0.422618
Name:cactuss_56
Translation: 1455.96,0.0,-1609.6
Dof: -0.771625 0.0 0.636078
Up: 0.0 1.0 0.0
Right: -0.636078 0.0 -0.771625
Name:cactuss_55
Translation: -1505.56,0.0,7910.84
Dof: 0.803857 0.0 0.594823
Up: 0.0 1.0 0.0
Right: -0.594823 0.0 0.803857
Name:cactuss_54
Translation: -2426.81,0.0,7226.92
Dof: 0.803857 0.0 0.594823
Up: 0.0 1.0 0.0
Right: -0.594823 0.0 0.803857
Name:cactuss_53
Translation: -1750.92,0.0,8046.23
Dof: 0.803857 0.0 0.594823
Up: 0.0 1.0 0.0
Right: -0.594823 0.0 0.803857
Name:cactuss_51
Translation: -315.751,0.0,7588.97
Dof: -0.078459 0.0 0.996917
Up: 0.0 1.0 0.0
Right: -0.996917 0.0 -0.078459
Name:cactuss_50
Translation: -133.417,0.0,6383.0
Dof: -0.078459 0.0 0.996917
Up: 0.0 1.0 0.0
Right: -0.996917 0.0 -0.078459
Name:cactuss_48
Translation: -462.166,0.0,6764.97
Dof: -0.078459 0.0 0.996917
Up: 0.0 1.0 0.0
Right: -0.996917 0.0 -0.078459
Name:cactuss_47
Translation: 4788.13,0.0,169.138
Dof: -0.978148 0.0 -0.207912
Up: 0.0 1.0 0.0
Right: 0.207912 0.0 -0.978148
Name:cactuss_46
Translation: 5461.83,0.0,-1162.67
Dof: -0.894934 0.0 0.446198
Up: 0.0 1.0 0.0
Right: -0.446198 0.0 -0.894934
Name:cactuss_45
Translation: 4438.58,0.0,1145.22
Dof: -0.078459 0.0 0.996917
Up: 0.0 1.0 0.0
Right: -0.996917 0.0 -0.078459
Name:cactuss_44
Translation: 5158.92,0.0,-792.015
Dof: 0.861629 0.0 -0.507538
Up: 0.0 1.0 0.0
Right: 0.507538 0.0 0.861629
Name:cactuss_43
Translation: 5500.76,0.0,454.172
Dof: 0.544639 0.0 0.838671
Up: 0.0 1.0 0.0
Right: -0.838671 0.0 0.544639
Name:cactuss_42
Translation: -4520.89,0.0,1983.14
Dof: -0.078459 0.0 0.996917
Up: 0.0 1.0 0.0
Right: -0.996917 0.0 -0.078459
Name:cactuss_41
Translation: -4705.43,0.0,3469.4
Dof: -0.078459 0.0 0.996917
Up: 0.0 1.0 0.0
Right: -0.996917 0.0 -0.078459
Name:cactuss_40
Translation: -4872.85,0.0,2347.58
Dof: -0.078459 0.0 0.996917
Up: 0.0 1.0 0.0
Right: -0.996917 0.0 -0.078459
Name:cactuss_38
Translation: -5910.03,0.0,6026.13
Dof: -0.078459 0.0 0.996917
Up: 0.0 1.0 0.0
Right: -0.996917 0.0 -0.078459
Name:cactuss_37
Translation: -4919.56,0.0,5511.08
Dof: -0.078459 0.0 0.996917
Up: 0.0 1.0 0.0
Right: -0.996917 0.0 -0.078459
Name:cactuss_36
Translation: -5257.22,-0.408826,5100.24
Dof: -0.078459 0.0 0.996917
Up: 0.0 1.0 0.0
Right: -0.996917 0.0 -0.078459
Name:cactuss_34
Translation: -2315.09,0.0,2571.15
Dof: 0.544639 0.0 0.838671
Up: 0.0 1.0 0.0
Right: -0.838671 0.0 0.544639
Name:cactuss_33
Translation: -2174.73,0.0,1783.17
Dof: -0.978148 0.0 -0.207912
Up: 0.0 1.0 0.0
Right: 0.207912 0.0 -0.978148
Name:cactuss_32
Translation: -1363.42,0.0,3139.94
Dof: 0.544639 0.0 0.838671
Up: 0.0 1.0 0.0
Right: -0.838671 0.0 0.544639
Name:cactuss_31
Translation: -2863.07,0.0,2169.12
Dof: 0.544639 0.0 0.838671
Up: 0.0 1.0 0.0
Right: -0.838671 0.0 0.544639
Name:cactuss_30
Translation: -2949.02,0.0,2586.44
Dof: -0.894934 0.0 0.446198
Up: 0.0 1.0 0.0
Right: -0.446198 0.0 -0.894934
Name:cactuss_29
Translation: -4516.47,0.0,3886.02
Dof: -0.078459 0.0 0.996917
Up: 0.0 1.0 0.0
Right: -0.996917 0.0 -0.078459
Name:cactuss_28
Translation: -2663.76,0.0,2382.93
Dof: -0.978148 0.0 -0.207912
Up: 0.0 1.0 0.0
Right: 0.207912 0.0 -0.978148
Name:cactuss_27
Translation: -4055.67,0.0,3340.98
Dof: 0.861629 0.0 -0.507538
Up: 0.0 1.0 0.0
Right: 0.507538 0.0 0.861629
Name:cactuss_18
Translation: -723.124,0.0,-6387.93
Dof: -0.894934 0.0 0.446198
Up: 0.0 1.0 0.0
Right: -0.446198 0.0 -0.894934
Name:cactuss_17
Translation: -1026.04,0.0,-6017.27
Dof: 0.861629 0.0 -0.507538
Up: 0.0 1.0 0.0
Right: 0.507538 0.0 0.861629
Name:cactuss_16
Translation: -974.371,0.0,-7012.24
Dof: -0.978148 0.0 -0.207912
Up: 0.0 1.0 0.0
Right: 0.207912 0.0 -0.978148
Name:cactuss_15
Translation: -207.826,0.0,-6858.97
Dof: 0.544639 0.0 0.838671
Up: 0.0 1.0 0.0
Right: -0.838671 0.0 0.544639
Name:cactuss_14
Translation: -2146.0,0.0,-3834.91
Dof: 0.861629 0.0 -0.507538
Up: 0.0 1.0 0.0
Right: 0.507538 0.0 0.861629
Name:cactuss_13
Translation: -3413.66,0.0,-3821.75
Dof: -0.078459 0.0 0.996917
Up: 0.0 1.0 0.0
Right: -0.996917 0.0 -0.078459
Name:cactuss_12
Translation: -2094.33,0.0,-4829.88
Dof: -0.978148 0.0 -0.207912
Up: 0.0 1.0 0.0
Right: 0.207912 0.0 -0.978148
Name:cactuss_11
Translation: -1327.78,0.0,-4676.61
Dof: 0.544639 0.0 0.838671
Up: 0.0 1.0 0.0
Right: -0.838671 0.0 0.544639
Name:cactuss_09
Translation: -1116.88,0.0,-2933.39
Dof: 0.85264 0.0 -0.522498
Up: 0.0 1.0 0.0
Right: 0.522498 0.0 0.85264
Name:cactuss_08
Translation: 671.966,0.0,-2818.0
Dof: 1.0 0.0 0.0
Up: 0.0 1.0 0.0
Right: 0.0 0.0 1.0
Name:cactuss_07
Translation: 1141.64,0.0,-3270.41
Dof: 0.819152 0.0 -0.573576
Up: 0.0 1.0 0.0
Right: 0.573576 0.0 0.819152
Name:cactuss_06
Translation: 587.668,0.0,-3326.33
Dof: 0.207912 0.0 -0.978148
Up: 0.0 1.0 0.0
Right: 0.978148 0.0 0.207912
Name:cactuss_05
Translation: 407.336,0.0,-2854.56
Dof: -0.642788 0.0 0.766044
Up: 0.0 1.0 0.0
Right: -0.766044 0.0 -0.642788
Name:cactuss_01
Translation: 398.905,0.0,-1504.55
Dof: 1.0 0.0 0.0
Up: 0.0 1.0 0.0
Right: 0.0 0.0 1.0
Name:cactus1_64
Translation: -5630.58,0.0,4957.54
Dof: -0.078459 0.0 0.996917
Up: 0.0 1.0 0.0
Right: -0.996917 0.0 -0.078459
Name:cactus1_63
Translation: -5183.33,0.0,-1584.3
Dof: 0.748956 0.0 -0.66262
Up: 0.0 1.0 0.0
Right: 0.66262 0.0 0.748956
Name:cactus1_52
Translation: -1197.91,0.0,7546.14
Dof: 0.803857 0.0 0.594823
Up: 0.0 1.0 0.0
Right: -0.594823 0.0 0.803857
Name:cactus1_49
Translation: -470.063,0.0,7390.35
Dof: -0.078459 0.0 0.996917
Up: 0.0 1.0 0.0
Right: -0.996917 0.0 -0.078459
Name:cactus1_39
Translation: -5902.13,0.0,5400.75
Dof: -0.078459 0.0 0.996917
Up: 0.0 1.0 0.0
Right: -0.996917 0.0 -0.078459
Name:cactus1_35
Translation: -4158.34,0.0,3765.29
Dof: -0.078459 0.0 0.996917
Up: 0.0 1.0 0.0
Right: -0.996917 0.0 -0.078459
Name:cactus1_10
Translation: -1843.08,0.0,-4205.57
Dof: -0.894934 0.0 0.446198
Up: 0.0 1.0 0.0
Right: -0.446198 0.0 -0.894934
Name:cactus1_04
Translation: 919.388,0.0,-1331.27
Dof: -0.75471 0.0 0.656059
Up: 0.0 1.0 0.0
Right: -0.656059 0.0 -0.75471
Name:cactus1_03
Translation: -798.966,0.0,-2427.93
Dof: 0.207912 0.0 -0.978148
Up: 0.0 1.0 0.0
Right: 0.978148 0.0 0.207912
Name:cactus1_02
Translation: 2146.7,0.0,-1714.71
Dof: 0.414693 0.0 -0.909961
Up: 0.0 1.0 0.0
Right: 0.909961 0.0 0.414693
Name:bazooka_02
Translation: -615.026,13.037,933.75
Dof: 0.999962 0.0 -0.00872656
Up: 0.0 1.0 0.0
Right: 0.00872656 0.0 0.999962
Name:bazooka_01
Translation: -2218.41,-475.74,-2170.69
Dof: 1.0 0.0 0.0
Up: 0.0 1.0 0.0
Right: 0.0 0.0 1.0
Name:amopack_48
Translation: 1455.65,-1.0065,-4514.41
Dof: 0.0 0.0 -1.0
Up: 0.0 1.0 0.0
Right: 1.0 0.0 0.0
Name:amopack_47
Translation: 1440.19,-1.0065,-4514.41
Dof: 0.0 0.0 -1.0
Up: 0.0 1.0 0.0
Right: 1.0 0.0 0.0
Name:amopack_46
Translation: -2952.3,-2.01625,5608.32
Dof: 0.0 0.0 -1.0
Up: 0.0 1.0 0.0
Right: 1.0 0.0 0.0
Name:amopack_45
Translation: -2952.3,-2.01625,5625.82
Dof: 0.0 0.0 -1.0
Up: 0.0 1.0 0.0
Right: 1.0 0.0 0.0
Name:amopack_43
Translation: 1695.37,-1.0065,-4514.74
Dof: 0.0 0.0 -1.0
Up: 0.0 1.0 0.0
Right: 1.0 0.0 0.0
Name:amopack_42
Translation: 1709.01,-1.0065,-4515.06
Dof: 0.0 0.0 -1.0
Up: 0.0 1.0 0.0
Right: 1.0 0.0 0.0
Name:amopack_41
Translation: 2360.44,0.0716763,-3643.51
Dof: 1.0 0.0 0.0
Up: 0.0 1.0 0.0
Right: 0.0 0.0 1.0
Name:amopack_40
Translation: 2360.44,0.0716763,-3622.0
Dof: 1.0 0.0 0.0
Up: 0.0 1.0 0.0
Right: 0.0 0.0 1.0
Name:amopack_38
Translation: 2559.33,-0.126723,-3005.87
Dof: 1.0 0.0 0.0
Up: 0.0 1.0 0.0
Right: 0.0 0.0 1.0
Name:amopack_37
Translation: 2559.33,-0.126723,-2984.36
Dof: 1.0 0.0 0.0
Up: 0.0 1.0 0.0
Right: 0.0 0.0 1.0
Name:amopack_16
Translation: 1424.73,-1.0065,-4514.41
Dof: 0.0 0.0 -1.0
Up: 0.0 1.0 0.0
Right: 1.0 0.0 0.0
Name:aagun3_12
Translation: -2753.87,-1.47585,3744.85
Dof: -0.992136 -0.0613902 -0.109074
Up: -0.060729 0.99811 0.0093765
Right: 0.109443 -0.00267883 -0.993989
Name:aagun3_11
Translation: 2384.54,2.16418,-3376.37
Dof: 0.999914 0.000232175 -0.0131188
Up: -5.92423e-007 0.999844 -0.0176499
Right: 0.0131209 -0.0176484 0.999758
Name:gggun_10
Translation: -2963.05,-403.452,-2157.96
Dof: -0.000615017 -0.108561 0.99409
Up: 0.101894 0.988909 -0.108058
Right: -0.994795 0.101358 0.0104535
Dele:aagun3_09
Translation: -4722.23,0.889099,4673.19
Dof: 0.00168055 0.00412444 0.999989
Up: -0.000785469 0.999991 0.00412312
Right: -0.999998 -0.000778532 0.00168377
Name:aagun3_08
Translation: -1702.59,-52.4896,2850.96
Dof: -0.995118 0.098149 -0.0103829
Up: 0.0986957 0.990044 0.100355
Right: 0.000429824 -0.10089 -0.994898
Name:aagun3_07
Translation: -68.342,-95.8106,-2331.58
Dof: 0.983586 0.179935 0.0134444
Up: -0.177838 0.954126 -0.240868
Right: 0.0305129 -0.239305 0.970464
Name:aagun3_06
Translation: 1176.04,-302.335,3680.1
Dof: -0.729228 0.0911684 0.67817
Up: 0.0723401 0.995801 0.0560822
Right: -0.680437 0.00816221 -0.732762
Name:aagun3_05
Translation: -3437.18,3.77943,2469.2
Dof: -0.762061 -0.0613902 0.644589
Up: -0.0486046 0.99811 -0.0375969
Right: -0.645678 -0.00267883 -0.763604
Name:aagun3_04
Translation: 1106.48,-105.124,-1651.46
Dof: 0.980744 0.195276 0.00265677
Up: -0.193552 0.970095 -0.146466
Right: 0.0260239 -0.14416 0.989212
Name:aagun3_02
Translation: 2157.81,-424.773,2562.37
Dof: 0.759224 -0.113619 0.640836
Up: 0.151608 0.988431 0.00436867
Right: -0.632925 0.100472 0.767666
Name:aagun3_01
Translation: -833.386,17.5655,965.516
Dof: -0.976817 0.213822 0.010415
Up: 0.209492 0.94476 -0.252074
Right: 0.0440593 0.248413 -0.967652
Name:plane2_01
Translation: -2482.83,-18.7317,5259.99
Dof: -0.00871825 -0.000380646 0.999962
Up: -0.0436194 0.999048 0.0
Right: -0.99901 -0.0436177 -0.00872656
Name:plane2_02
Translation: -2482.83,-18.7317,5075.72
Dof: -0.00871825 -0.000380646 0.999962
Up: -0.0436194 0.999048 0.0
Right: -0.99901 -0.0436177 -0.00872656
Name:plane4_04
Translation: 2153.39,-17.4862,-4159.14
Dof: -1.68348e-007 0.0 1.0
Up: -0.0610485 0.998135 0.0
Right: -0.998135 -0.0610485 -1.68639e-007
Name:toolbox_61
Translation: -3025.3,0.679544,5642.78
Dof: 1.0 0.0 0.0
Up: 0.0 1.0 0.0
Right: 0.0 0.0 1.0
Name:toolbox_62
Translation: -2688.19,0.679544,5643.44
Dof: 1.0 0.0 0.0
Up: 0.0 1.0 0.0
Right: 0.0 0.0 1.0
Name:rockets_50
Translation: -2722.4,-2.01625,5643.42
Dof: 0.0 0.0 -1.0
Up: 0.0 1.0 0.0
Right: 1.0 0.0 0.0
Name:toolbox_65
Translation: 1672.25,-1.0065,-4516.25
Dof: 1.0 0.0 0.0
Up: 0.0 1.0 0.0
Right: 0.0 0.0 1.0
Name:rockets_54
Translation: -2217.86,-476.268,-2208.7
Dof: 1.0 0.0 0.0
Up: 0.0 1.0 0.0
Right: 0.0 0.0 1.0
Name:amopack_55
Translation: 1722.92,-1.0065,-4514.84
Dof: 0.0 0.0 -1.0
Up: 0.0 1.0 0.0
Right: 1.0 0.0 0.0
Name:tank_07
Translation: -3161.11,-11.3124,3969.54
Dof: 0.0 0.0 -1.0
Up: 0.0 1.0 0.0
Right: 1.0 0.0 0.0
Name:motorcyc_08
Translation: -2706.13,-11.3124,3305.03
Dof: 0.999962 0.0 0.00872651
Up: 0.0 1.0 0.0
Right: -0.00872651 0.0 0.999962
Name:car_09
Translation: 1670.08,-12.007,-3635.67
Dof: -1.0 0.0 0.0
Up: 0.0 1.0 0.0
Right: 0.0 0.0 -1.0
Name:tank2_08
Translation: 2423.4,-12.007,-2464.73
Dof: -0.999962 0.0 0.00872647
Up: 0.0 1.0 0.0
Right: -0.00872647 0.0 -0.999962
Name:TeamAPos
Translation: 2646.37,-4.78473,-3371.03
Dof: 1.0 0.0 0.0
Up: 0.0 1.0 0.0
Right: 0.0 0.0 1.0
Name:TeamBPos
Translation: -3149.75,-4.78473,4511.32
Dof: 1.0 0.0 0.0
Up: 0.0 1.0 0.0
Right: 0.0 0.0 1.0
Name:hpacklg_53
Translation: 3638.97,-9.71934,3026.6
Dof: 0.573277 -0.0769258 -0.815742
Up: 0.00393214 0.99583 0.091145
Right: 0.819352 0.0490437 0.571189
Name:fueltank_56
Translation: 3649.56,-11.0081,3012.98
Dof: 0.573277 -0.0769258 -0.815742
Up: 0.00393214 0.99583 0.091145
Right: 0.819352 0.0490437 0.571189
Name:fueltank_57
Translation: 3658.85,-12.2564,2999.74
Dof: 0.573277 -0.0769258 -0.815742
Up: 0.00393214 0.99583 0.091145
Right: 0.819352 0.0490437 0.571189
Name:toolbox_66
Translation: 2156.86,12.411,5026.53
Dof: 0.561407 0.22229 -0.797126
Up: -0.0575811 0.971406 -0.230337
Right: 0.825534 -0.0834133 0.558153
Name:toolbox_67
Translation: 2147.63,8.81441,5039.39
Dof: 0.561407 0.22229 -0.797126
Up: -0.0575811 0.971406 -0.230337
Right: 0.825534 -0.0834133 0.558153
Name:bazooka_05
Translation: 2138.25,4.44927,5055.45
Dof: 0.561407 0.22229 -0.797126
Up: -0.0575811 0.971406 -0.230337
Right: 0.825534 -0.0834133 0.558153
Name:rockets_68
Translation: 2166.72,16.5417,5011.57
Dof: 0.561407 0.22229 -0.797126
Up: -0.0575811 0.971406 -0.230337
Right: 0.825534 -0.0834133 0.558153
Name:rockets_69
Translation: 3668.94,-13.5857,2985.65
Dof: 0.573277 -0.0769258 -0.815742
Up: 0.00393214 0.99583 0.091145
Right: 0.819352 0.0490437 0.571189
Name:amobuil_01
Translation: -2259.76,-0.0782516,3998.41
Dof: 0.656059 0.0 -0.75471
Up: 1.29191e-006 1.0 -1.13112e-006
Right: 0.75471 -1.7171e-006 0.656059
Name:hpacklg_100
Translation: -2244.99,-14.7914,4030.4
Dof: 0.999048 0.0 0.0436194
Up: 0.0 1.0 0.0
Right: -0.0436194 0.0 0.999048
Name:rockets_100
Translation: -2211.37,-6.0276,4044.07
Dof: 0.656059 0.0 -0.75471
Up: 0.0 1.0 0.0
Right: 0.75471 0.0 0.656059
Name:amopack_101
Translation: -2211.13,-14.4508,3966.52
Dof: 0.656059 0.0 -0.75471
Up: 0.0 1.0 0.0
Right: 0.75471 0.0 0.656059
Name:amopack_102
Translation: -2215.09,-14.4508,3962.83
Dof: 0.656059 0.0 -0.75471
Up: 0.0 1.0 0.0
Right: 0.75471 0.0 0.656059
Name:fueltank_100
Translation: -2204.77,-14.777,4036.36
Dof: 0.656059 0.0 -0.75471
Up: 0.0 1.0 0.0
Right: 0.75471 0.0 0.656059
Name:hylla_02
Translation: -2209.72,-3.03333,3966.43
Dof: 0.656059 0.0 -0.75471
Up: 0.0 1.0 0.0
Right: 0.75471 0.0 0.656059
Name:hylla_03
Translation: -2207.12,-3.03724,4041.04
Dof: 0.75471 0.0 0.656059
Up: 0.0 1.0 0.0
Right: -0.656059 0.0 0.75471
Name:rtable_03
Translation: -2233.71,-3.29786,3993.35
Dof: 0.656059 0.0 -0.75471
Up: 0.0 1.0 0.0
Right: 0.75471 0.0 0.656059
Name:rtable_04
Translation: -2255.92,-3.29786,4019.23
Dof: 0.656059 0.0 -0.75471
Up: 0.0 1.0 0.0
