Name:redstart_2
Translation: -3112.65,-5.68068,4482.68
Dof: 0.00168394 -0.000778535 0.999998
Up: -0.00412312 0.999991 -0.000785475
Right: -0.99999 -0.00412444 0.00168072
Name:redstart_1
Translation: 2547.45,-41.7264,-3632.62
Dof: 0.00168394 -0.000778535 0.999998
Up: -0.00412312 0.999991 -0.000785475
Right: -0.99999 -0.00412444 0.00168072

